[gd_scene load_steps=7 format=3]

[sub_resource type="StandardMaterial3D" id="StandardMaterial3D_wood"]
albedo_color = Color(0.45, 0.27, 0.12, 1)
roughness = 0.86

[sub_resource type="StandardMaterial3D" id="StandardMaterial3D_metal"]
albedo_color = Color(0.58, 0.6, 0.56, 1)
metallic = 0.12
roughness = 0.5

[sub_resource type="CylinderMesh" id="CylinderMesh_shaft"]
top_radius = 0.018
bottom_radius = 0.018
height = 1.15
radial_segments = 6

[sub_resource type="BoxMesh" id="BoxMesh_head"]
size = Vector3(0.1, 0.045, 0.055)

[sub_resource type="BoxMesh" id="BoxMesh_blade"]
size = Vector3(0.075, 0.3, 0.22)

[sub_resource type="BoxMesh" id="BoxMesh_blade_edge"]
size = Vector3(0.09, 0.035, 0.24)

[node name="LowPolyHoe" type="Node3D"]

[node name="Shaft" type="MeshInstance3D" parent="."]
transform = Transform3D(0, -1, 0, 1, 0, 0, 0, 0, 1, -0.08, 0, 0)
mesh = SubResource("CylinderMesh_shaft")
surface_material_override/0 = SubResource("StandardMaterial3D_wood")

[node name="Head" type="MeshInstance3D" parent="."]
transform = Transform3D(1, 0, 0, 0, 0.866025, -0.5, 0, 0.5, 0.866025, -0.68, -0.01, 0)
mesh = SubResource("BoxMesh_head")
surface_material_override/0 = SubResource("StandardMaterial3D_metal")

[node name="Blade" type="MeshInstance3D" parent="."]
transform = Transform3D(1, 0, 0, 0, 0.984808, -0.173648, 0, 0.173648, 0.984808, -0.72, -0.18, 0)
mesh = SubResource("BoxMesh_blade")
surface_material_override/0 = SubResource("StandardMaterial3D_metal")

[node name="BladeEdge" type="MeshInstance3D" parent="."]
transform = Transform3D(1, 0, 0, 0, 0.984808, -0.173648, 0, 0.173648, 0.984808, -0.73, -0.34, 0)
mesh = SubResource("BoxMesh_blade_edge")
surface_material_override/0 = SubResource("StandardMaterial3D_metal")
